# NNLO PTh2 cross section per bin in unit of fb at 14TeV
# Bin width is NOT divided
# PDF: PDF4LHC21_40, MH=125 GeV
# PTh2(min) PTh2(max) scale=(muR/mu0,muF/mu0):
# PTh2(min) PTh2(max)  (1.,1.)    (2.,1.)    (0.5,1.)    (1.,2.)    (2.,2.)    (1.,0.5)    (0.5,0.5)   
0. 10. 0.05676621 0.05833489 0.054241109999999995 0.05913268 0.05975161 0.0454114 0.04061464
10. 20. 0.1853678 0.1862065 0.18489519999999998 0.1773041 0.1760805 0.18368099999999998 0.1785086
20. 30. 0.29622699999999996 0.2958259 0.2973457 0.2769285 0.27345359999999996 0.30269480000000004 0.29810349999999997
30. 40. 0.4070082 0.4070324 0.41007530000000003 0.37781299999999995 0.3737461 0.4237498 0.4229216
40. 50. 0.4955239 0.49513630000000003 0.5001584 0.4652908 0.4558425 0.5200910999999999 0.5169821
50. 60. 0.6007925000000001 0.5965489 0.6059507 0.556061 0.5538874 0.6305997000000001 0.6249682
60. 70. 0.7015952000000001 0.7013102999999999 0.7101124000000001 0.656109 0.6465777 0.7370115 0.7336148
70. 80. 0.8053855 0.8026038000000001 0.8048303 0.7484219000000001 0.7405267 0.8417224 0.8398976
80. 90. 0.878563 0.8704262 0.8842802 0.8171932 0.8112152 0.9154326 0.9123384
90. 100. 0.9591803999999999 0.9592389 0.9640416 0.8936481000000001 0.8854887 1.018445 1.00534
100. 110. 1.01492 1.002137 1.0238129999999999 0.9461938999999999 0.9290115999999999 1.0527309999999999 1.052028
110. 120. 1.060242 1.053482 1.072965 0.9919901 0.9808274 1.109433 1.116163
120. 130. 1.0846989999999999 1.0783289999999999 1.097213 1.0147249999999999 1.0023790000000001 1.1257730000000001 1.1213520000000001
130. 140. 1.108177 1.104114 1.1212039999999999 1.039175 1.024387 1.163793 1.166794
140. 150. 1.117782 1.111934 1.128526 1.044962 1.032302 1.17351 1.1780490000000001
150. 160. 1.107805 1.101324 1.117858 1.034238 1.020478 1.1602709999999998 1.162368
160. 170. 1.087039 1.080014 1.096943 1.017217 1.006565 1.141222 1.1394600000000001
170. 180. 1.071387 1.060977 1.085076 1.00786 0.9892988 1.121909 1.126346
180. 190. 1.0363740000000001 1.035134 1.046452 0.9776731 0.9632969 1.0957409999999999 1.088627
190. 200. 1.011083 1.002122 1.022448 0.9510244 0.9376429 1.064834 1.065128
200. 210. 0.9897902999999999 0.9807291 1.00083 0.9266966 0.9100560000000001 1.032864 1.041741
210. 220. 0.9332593 0.9240866000000001 0.948122 0.8768869 0.8665897 0.9747488999999999 0.9775315
220. 230. 0.9029969999999999 0.8956174 0.9087038000000001 0.849049 0.8366123000000001 0.9460489 0.9518127999999999
230. 240. 0.8716872 0.8633403000000001 0.8825481000000001 0.8182193 0.8080493 0.9155484 0.9188523
240. 250. 0.8257905 0.8171643000000001 0.8343185 0.7769242 0.7645069 0.8640757 0.8633362
250. 260. 0.7962692 0.7879904999999999 0.8112885000000001 0.7510822 0.7356206 0.8373279 0.8481118999999999
260. 270. 0.7621967000000001 0.7477692 0.7618735999999999 0.7134640000000001 0.7035159000000001 0.7978227 0.7977299
270. 280. 0.7221982 0.7119696 0.7298938 0.6800778000000001 0.6672043 0.75697 0.757431
280. 290. 0.6888635 0.6823035 0.6937143 0.6431286999999999 0.6372381 0.7274743 0.7268046
290. 300. 0.6495740999999999 0.6475037 0.6585238 0.6143678 0.6033921 0.6807335000000001 0.6826589
300. 310. 0.6247674999999999 0.6166175 0.6365281 0.5890161 0.5789786 0.6531064 0.6723369
310. 320. 0.5884279 0.5790569 0.5954944 0.5532619 0.543215 0.6158409 0.6154828
320. 330. 0.5657993 0.5640052 0.5824760999999999 0.5388269 0.5276584 0.6002332 0.5954327
330. 340. 0.5288698000000001 0.5198018 0.5393528999999999 0.5009454 0.4898011 0.556356 0.5590939
340. 350. 0.5081019 0.4997064 0.5236732000000001 0.4818131 0.4687562 0.5325496 0.5432782
350. 360. 0.4809554 0.4792495 0.4884854 0.4540132 0.4480186 0.5069201 0.5093291
360. 370. 0.45923270000000005 0.454783 0.4669098 0.43377449999999995 0.4265496 0.4820706 0.4855145
370. 380. 0.42672839999999995 0.4222302 0.4337065 0.4048503 0.3973044 0.4455728 0.4490426
380. 390. 0.41020300000000004 0.4043016 0.417592 0.3883974 0.3799354 0.429531 0.4337202
390. 400. 0.4008547 0.387188 0.39779420000000004 0.37236539999999996 0.3692575 0.4244187 0.4152977
400. 410. 0.37027350000000003 0.363085 0.37623490000000004 0.3489892 0.34209480000000003 0.3853967 0.39103920000000003
410. 420. 0.3513599 0.3468419 0.3574923 0.33260369999999995 0.3258802 0.36893170000000003 0.37323229999999996
420. 430. 0.3313266 0.3269336 0.3366984 0.31532659999999996 0.30782170000000003 0.34583379999999997 0.3478924
430. 440. 0.3178527 0.31356439999999997 0.3215536 0.301232 0.2949683 0.3324908 0.3329556
440. 450. 0.3021803 0.2970066 0.306724 0.2865955 0.2793968 0.3162413 0.3202984
450. 460. 0.2893646 0.2839036 0.29461339999999997 0.2737163 0.2663717 0.301556 0.3073305
460. 470. 0.2709026 0.2671511 0.27443249999999997 0.2562743 0.2515163 0.2818583 0.2833411
470. 480. 0.2611214 0.2593814 0.2654692 0.24775370000000002 0.2432322 0.2765262 0.2776739
480. 490. 0.2418421 0.2410426 0.24560559999999998 0.23011 0.227306 0.2520623 0.2547915
490. 500. 0.2363242 0.2324519 0.24075989999999997 0.2237128 0.2185205 0.2473657 0.2497197
500. 510. 0.2261664 0.2207226 0.22505529999999999 0.21342280000000002 0.20733870000000001 0.2384532 0.2363885
510. 520. 0.2100278 0.2071797 0.2129452 0.1998754 0.1956134 0.2184278 0.2199882
520. 530. 0.20078120000000002 0.1975201 0.2044492 0.19042050000000002 0.1861127 0.21009570000000002 0.2122637
530. 540. 0.19166679999999997 0.18892679999999998 0.19612149999999998 0.1828033 0.1784961 0.2013954 0.20324370000000003
540. 550. 0.18446279999999998 0.1810797 0.1867502 0.17433110000000002 0.1705539 0.1921366 0.1945848
550. 560. 0.1757981 0.17328320000000003 0.17913769999999998 0.1663659 0.16254020000000002 0.1841231 0.1860137
560. 570. 0.1630861 0.1602092 0.1656275 0.1555645 0.15221089999999998 0.1693119 0.1702801
570. 580. 0.15982030000000003 0.15676800000000002 0.1621626 0.151257 0.1475961 0.1678922 0.1699235
580. 590. 0.15073140000000002 0.1477806 0.1527247 0.1423755 0.1398105 0.1570576 0.15867969999999998
590. 600. 0.1469271 0.143371 0.14698920000000001 0.1386542 0.1348114 0.15096510000000002 0.154192
600. 610. 0.1347672 0.1316839 0.1366985 0.1284823 0.1246968 0.14029049999999998 0.1410336
610. 620. 0.1320216 0.12938260000000001 0.1333171 0.1249159 0.1218672 0.13735809999999998 0.1400607
620. 630. 0.1243168 0.1224296 0.1273183 0.1180673 0.1151742 0.13026559999999998 0.1321935
630. 640. 0.1197294 0.11724979999999999 0.12195360000000001 0.11383870000000001 0.1105265 0.1243558 0.1243291
640. 650. 0.11376239999999999 0.1111519 0.115906 0.1080862 0.10517230000000001 0.1190373 0.1206894
650. 660. 0.10757050000000001 0.10600200000000001 0.1100035 0.10279170000000001 0.1006053 0.1121477 0.113331
660. 670. 0.1056608 0.1034011 0.1076128 0.09969593 0.09713474999999999 0.1109114 0.11248330000000001
670. 680. 0.09918510999999999 0.09719723 0.1011075 0.09396743 0.09160751 0.1039482 0.10520790000000001
680. 690. 0.09367459 0.09256049000000001 0.09540665000000001 0.08945194000000001 0.08731127999999999 0.09745037999999999 0.09840604
690. 700. 0.08987223000000001 0.08825581 0.09179746000000001 0.08550794 0.08323587 0.09380238 0.0948088
700. 710. 0.08543467 0.08408757 0.08702436 0.08155902 0.07960709999999999 0.08837329999999999 0.08886129
710. 720. 0.08248050999999999 0.08160815 0.08405097 0.07880926999999999 0.07729989 0.0857155 0.0868916
720. 730. 0.07802585 0.07691966 0.07935169 0.07438281 0.07258449 0.08137152 0.08259282
730. 740. 0.07521744 0.07387898000000001 0.07678468 0.07179457 0.06989371 0.07861093 0.07942618
740. 750. 0.07199324 0.07104411 0.07325356 0.067925 0.0666119 0.0747246 0.07463461
750. 760. 0.06997415 0.06818816 0.07167414 0.0663682 0.06433795 0.07344003 0.07506572
760. 770. 0.06632379 0.06515402 0.0677617 0.06305322000000001 0.061451839999999994 0.06907328 0.07016267
770. 780. 0.06335473 0.06204333 0.06465087 0.060235380000000005 0.058567480000000005 0.06645716 0.06698923
780. 790. 0.060845830000000004 0.05889373 0.06118234 0.057658839999999996 0.055733809999999995 0.06367460999999999 0.06325414
790. 800. 0.05796726000000001 0.05675446 0.058267229999999996 0.055009459999999996 0.05358479 0.05957914 0.06076985
800. 810. 0.05476953 0.05419169 0.055850689999999995 0.05226731 0.0510887 0.057125659999999995 0.05789148
810. 820. 0.052587720000000004 0.051519720000000005 0.053337510000000005 0.04985245 0.048753750000000005 0.05516302 0.055023520000000006
820. 830. 0.049993789999999996 0.049176819999999996 0.051713970000000005 0.0476669 0.046613039999999994 0.0521832 0.053438030000000004
830. 840. 0.04816281 0.0474131 0.049771470000000005 0.04690572 0.04500108 0.050036330000000004 0.05113345
840. 850. 0.04688944 0.046054319999999996 0.047941269999999994 0.04462630000000001 0.04333579 0.04909651 0.04986271
850. 860. 0.045441459999999996 0.044815640000000004 0.04681309 0.04338102 0.04219528 0.047640970000000005 0.0486292
860. 870. 0.04228058 0.04127923 0.043160250000000004 0.04036771 0.03906228 0.043742449999999995 0.044017520000000004
870. 880. 0.04057852 0.04015731 0.041904510000000006 0.03932202 0.03812579 0.04275471 0.04429040000000001
880. 890. 0.0390284 0.03834516 0.039582719999999995 0.03717571 0.036225850000000004 0.04074108 0.04090466
890. 900. 0.03725933 0.03706329 0.03802938 0.03556556 0.0350827 0.03865615 0.03909727
900. 910. 0.03735509 0.03653684 0.03840686 0.03542966 0.034399940000000004 0.03916218 0.03983514
910. 920. 0.03530175 0.03460631 0.03623524 0.03365769 0.03271343 0.03678184 0.03750152
920. 930. 0.03216421 0.03150493 0.032668710000000004 0.030894389999999997 0.030055730000000003 0.03308188 0.03325855
930. 940. 0.032436019999999996 0.03160533 0.033237380000000004 0.03071322 0.02973654 0.03404372 0.03463916
940. 950. 0.030509750000000002 0.03012373 0.031050549999999996 0.02923383 0.02877545 0.03175546 0.03194852
950. 960. 0.02902955 0.02848765 0.029983879999999997 0.0277861 0.026998360000000002 0.03015905 0.03042334
960. 970. 0.02925348 0.02818654 0.02982156 0.02777115 0.02664743 0.03082124 0.03182263
970. 980. 0.0267763 0.02629797 0.027530699999999998 0.025580310000000002 0.025181750000000003 0.028404099999999998 0.02834126
980. 990. 0.02592248 0.025771040000000002 0.02690604 0.02469874 0.02426867 0.026961609999999997 0.027774359999999998
990. 1000. 0.0242941 0.02442134 0.0249167 0.02340093 0.02321559 0.025158060000000003 0.025479309999999998
