# NNLO Mhh cross section per bin in unit of fb at 13TeV
# Bin width is NOT divided
# PDF: MSHT20xNNPDF40_aN3LO_qed, MH=125 GeV
# Mhh(min) Mhh(max) scale=(muR/mu0,muF/mu0):
# Mhh(min) Mhh(max)  (1.,1.)    (2.,1.)    (0.5,1.)    (1.,2.)    (2.,2.)    (1.,0.5)    (0.5,0.5)   
250 270 0.014545629081463996 0.013675345836209054 0.015044470131509936 0.014557851008101164 0.013658677879497297 0.014589104009113807 0.015037863067404584
270 290 0.11184393090777592 0.10409568958203877 0.11749255458631097 0.11177212943376581 0.10379463677974161 0.11231698415190841 0.11760836927020482
290 310 0.2667488457071454 0.24782703042650622 0.2812318604467204 0.2663265021477126 0.2467850959803108 0.2681387402446348 0.281629216318339
310 330 0.4272049227939352 0.3968965788790125 0.45082914290989745 0.42619741331129324 0.39477041710196575 0.4297913975417042 0.4515843067227745
330 350 0.5678180691931791 0.5278187783229891 0.5992774680424587 0.5660884260759994 0.5244388286256773 0.5716714653730968 0.6003988013096989
350 370 0.6802539680351325 0.6327718097236464 0.7178130985119392 0.6777403322708246 0.6281045188421945 0.6853241982999104 0.7192641623933391
370 390 0.7641523134121665 0.711364958306422 0.8060388315678403 0.7608748469579459 0.7054818697404851 0.7703044796669962 0.8077832512528885
390 410 0.8226501888341587 0.7664226641286779 0.867363776672603 0.8186708490293286 0.7594510947224167 0.8297264196786994 0.8693573160431508
410 430 0.8598035970139394 0.8016716591260434 0.9061073632336044 0.8552062283786396 0.793761188018656 0.8676432741546043 0.9082940247934456
430 450 0.8797998547654075 0.8209313086630731 0.9267397107432557 0.8746662247117326 0.8122365456814554 0.8882394469673116 0.9290918364434737
450 470 0.886262977879253 0.8275574923345795 0.9331199809665051 0.8806879503225109 0.8182283588260791 0.8951582381021036 0.9355882006546499
470 490 0.8822446766062052 0.8243760098234669 0.9284550520675529 0.876322983608822 0.8145589780329149 0.8914483291238102 0.9309945467254226
490 510 0.8703212287875303 0.8137671008906379 0.9155047876871615 0.8641252897994155 0.8035892959136969 0.8797297552617784 0.9180979280712993
510 530 0.8524852955815279 0.7975916559306273 0.8963529381276484 0.8460930709349525 0.7871642162648669 0.8620008052866018 0.8989695321676935
530 550 0.8303945896968884 0.7773900106784857 0.8727813367075641 0.8238607035466518 0.7668037543648693 0.8399477088832311 0.8754026767024046
550 570 0.8052993307597743 0.7543261012840814 0.8460709505587535 0.7986762830218065 0.743663715183174 0.8148197584004568 0.8486909610988156
570 590 0.7782782880381173 0.7294002534903691 0.8173992378040211 0.7716159282745858 0.7187274987513381 0.787719732325138 0.8200055889366332
590 610 0.7499527603096722 0.703220448605813 0.7873607355278762 0.7432874865316982 0.6925989429575101 0.7592620052605396 0.7899317037093861
610 630 0.7210088729241438 0.6764200696017767 0.7567148888310097 0.7143701352617207 0.665893460143038 0.7301623995251321 0.7592535106242471
630 650 0.6919237298256956 0.6494316528005601 0.7259533967191216 0.6853389681879564 0.6390420974238901 0.7008883406167482 0.728447849818724
650 670 0.6629971343267564 0.6225624828901297 0.6953860061037505 0.6564971778510221 0.6123418526914335 0.6717535300276604 0.6978325862199423
670 690 0.634506382525384 0.5960702234032398 0.6653094190831734 0.6281071721660457 0.586045868359972 0.6430384058047275 0.6676985359497961
690 710 0.6066630419086231 0.5701474061872422 0.6359415302722232 0.6003912939100564 0.5603425388787808 0.6149557343254178 0.6382659985653978
710 730 0.5795835430573811 0.5449077630070163 0.6073868215192553 0.5734359919157599 0.5353338266700002 0.5876295034221114 0.6096577907810522
730 750 0.5533350368631523 0.5204330018839457 0.5797284643998926 0.5473244019866056 0.5110990157770077 0.5611335852486335 0.5819227348523743
750 770 0.5280281550432985 0.49680939139367397 0.5530807234719733 0.5221596046188572 0.48772570322929304 0.5355757136287351 0.5552120762405259
770 790 0.5036630328779736 0.4740554387430931 0.5274243170579686 0.4979478114882039 0.4652287072352309 0.5109531271315568 0.5294886721142291
790 810 0.48032432854040646 0.45223487631588394 0.5028829809259922 0.4747569619215823 0.4436632120726399 0.4873715208784447 0.5048907552548225
810 830 0.4579266627411094 0.43128821532041783 0.47931935116580626 0.45251845936495144 0.4229783256790664 0.4647299120853763 0.4812664416315664
830 850 0.43651420027884447 0.41125117978323794 0.45680896649747826 0.43125877014958364 0.40319903484342656 0.44307656149087193 0.45869169096140744
850 900 1.0038410317301794 0.9462272252993463 1.0501473893163478 0.9913822787836795 0.9272148183198766 1.0192288655813286 1.0545960884255139
900 950 0.8902468734238785 0.8397380859587906 0.9308839376746806 0.8787413619035557 0.8222683177300897 0.9042583391430303 0.9349885580535262
950 1000 0.7896908157815083 0.7453692732606374 0.825365028526605 0.7791089773692622 0.7293720811630483 0.8024081746425391 0.8291167222245703
1000 1050 0.701020463242545 0.6620614673352806 0.7324147504308617 0.6913081937418801 0.6474386742169572 0.7125432957932106 0.7358360462204926
1050 1100 0.6227523647659842 0.5884636865850824 0.6504071789348167 0.6138457684505781 0.5751128649535039 0.6332025530891263 0.6535485821536523
1100 1150 0.5535648288833934 0.5233950727460281 0.5778759772267867 0.5454480733868272 0.5112479985425205 0.5629935659508936 0.5806947136351478
1150 1200 0.4929559928262947 0.46627078038721953 0.5145187849159157 0.4855107466245138 0.4551826595094622 0.5015377381018432 0.5171512787698433
1200 1250 0.43926292976274584 0.4156713907620416 0.4583317878663053 0.43245761261622817 0.40557384596654755 0.44702820704079943 0.4607345511421147
1250 1300 0.3918778856388313 0.37098209607562066 0.408789064122806 0.38566073992478894 0.3617878638614095 0.39891536724757093 0.4109836136812654
1300 1350 0.3499760735250039 0.3314434880130516 0.3649850594174849 0.34429404866931734 0.32306744882854027 0.35634889911564943 0.36698763042936156
1350 1400 0.31281264483343324 0.2963726155890551 0.3261194599700091 0.307630663540077 0.28874886322786963 0.3185737585145038 0.32793700731760345
1400 1450 0.28002737349135326 0.2653911013011035 0.29190482627364794 0.2752880499860948 0.25844149041658454 0.2852659202842164 0.2935724035281085
1450 1500 0.25088952198235387 0.23784902686537115 0.2614793606145267 0.24655935900797413 0.231516028547527 0.25564196857467125 0.2630099669487545
1500 15000 2.324026368270499 2.208032993528185 2.419122034452834 2.2766996768797827 2.140498289189489 2.373071186753174 2.4360993553439343
