# N3LO Mhh cross section per bin in unit of fb at 13.6TeV
# Bin width is NOT divided
# PDF: MSHT20xNNPDF40_aN3LO_qed, MH=125 GeV
# Mhh(min) Mhh(max) scale=(muR/mu0,muF/mu0):
# Mhh(min) Mhh(max)  (1.,1.)    (2.,1.)    (0.5,1.)    (1.,2.)    (2.,2.)    (1.,0.5)    (0.5,0.5)   
250 270 0.015554149182596495 0.015477690213569676 0.015091765672403402 0.015547716306827395 0.015475812682714363 0.01557650194927561 0.015112652332765718
270 290 0.12295444102733534 0.12086490824559676 0.12144889532379421 0.12301641243183985 0.12084902840466456 0.12305441225069587 0.12138204781157629
290 310 0.2966364576402434 0.2904340255666629 0.2949563857275538 0.29683916851604325 0.29027649378150006 0.296931136143516 0.2946028068238932
310 330 0.47904820141532856 0.4680138843069378 0.47816276330987256 0.4791934017958354 0.4675165201382806 0.47966192675981506 0.47789719356961674
330 350 0.6391085425095698 0.62409611402808 0.6388547260866322 0.6391420766288463 0.6231584467480491 0.6400518750269384 0.6383711397663706
350 370 0.767397212206528 0.7494153500163226 0.767520241136426 0.7675526731609041 0.7480980885037798 0.768371261477357 0.7664982753321185
370 390 0.8642430130650924 0.8439620353507689 0.8650474916167146 0.8643572762253655 0.8422000910362535 0.8653948440040795 0.8638424335597004
390 410 0.9330531313191466 0.9110493464257672 0.9348358526424433 0.9330044677999138 0.908819690099682 0.9345261092383795 0.9336348582907661
410 430 0.9768839874393476 0.9540800099200822 0.978922022711051 0.9767491386869536 0.9515041954559031 0.9784236966960379 0.9774765047519882
430 450 1.0020764802236832 0.9786657867568256 1.004863703254392 1.001815025973508 0.9757437515039865 1.0037858417617855 1.0033971079084465
450 470 1.0113494916039487 0.9878576625995927 1.0144248035376435 1.0109665701273074 0.984639412766048 1.013171802943757 1.0130172637736083
470 490 1.0089886761662308 0.9855659409240333 1.0126597507750197 1.0084820721652437 0.9821016615436814 1.0109577703469523 1.0112790765687385
490 510 0.9975818627134063 0.9744175484538924 1.0016899048824672 0.996883074826261 0.9707181841209731 0.9996623034028524 1.0003990700755425
510 530 0.9781877981572471 0.9558293739724654 0.9820484654757926 0.977545397894441 0.9520663406044827 0.9801334430680531 0.9805822663404551
530 550 0.9541127605017912 0.9325205678343986 0.957870314681431 0.9534040466818186 0.9286700421349362 0.9560934252042718 0.9564263880356312
550 570 0.9271448885502612 0.9062141823505764 0.9311286250587478 0.9263612752620589 0.9022920857636725 0.9291095305875884 0.9296317096385246
570 590 0.8975595236677875 0.8773631321503498 0.9016724314494551 0.8966958803486854 0.8733819298063762 0.8995748549134297 0.9003281682677005
590 610 0.8660463860170896 0.8467534466405625 0.8700242198029597 0.8651783054685972 0.8427698732818456 0.8679908642635488 0.8686360833665855
610 630 0.8335930379348886 0.815244164149918 0.8373278347581001 0.8327106333726327 0.8112811777713516 0.8354901915233425 0.8359662407872402
630 650 0.801324542391656 0.7837257124573432 0.805126833218548 0.800412561257986 0.7797925193557848 0.8032024631550837 0.8038397206367588
650 670 0.7693785598908381 0.7524539425552647 0.7733224311393121 0.7684207504724303 0.7485378281434663 0.7712548989174451 0.7721104753347321
670 690 0.7374704639616437 0.7213241092503352 0.7413488821758176 0.7364868566915669 0.7174515211235265 0.739314772145825 0.7402220435066799
690 710 0.7065116690542659 0.6909863332549051 0.7105665653879902 0.7054821974729809 0.6871499881902946 0.7083407902992147 0.7095237191124047
710 730 0.67550260499458 0.660889036031447 0.6791444500590562 0.6744915381455558 0.6571412249779193 0.6772613689228691 0.6781258789053728
730 750 0.6460430673587182 0.6320738277317267 0.6496946940741891 0.6450203336578081 0.628393464538916 0.6477649452348421 0.6487503167107518
750 770 0.6178074953101805 0.6043659712419022 0.6216177084662042 0.6167584121657765 0.6007504310562167 0.6195219087247826 0.6207678906313335
770 790 0.5898089436032979 0.5771602441752822 0.5932482269633119 0.5887884286372842 0.5736471146877289 0.5914299686505755 0.5923860596755093
790 810 0.5633622050231493 0.5512848347087749 0.566803415996869 0.5623226426927639 0.5478363243099964 0.5649865115528023 0.5660589409741911
810 830 0.5377970957989419 0.5263406062988174 0.5410671424115469 0.5367930999136135 0.5230003089363642 0.5393337508085924 0.5403070448699402
830 850 0.5132734231740773 0.5024099298082719 0.5163735516951283 0.5122744294593939 0.4991609997977815 0.5147685599715793 0.5156705255734223
850 900 1.1832873458191548 1.1583914962451232 1.190621856154222 1.1808930241638942 1.1506763902728299 1.1867962396105907 1.188969170197891
900 950 1.0527117887293176 1.030832959587053 1.0592713624260564 1.0504655232642228 1.0237212194417142 1.055874363345531 1.0577434336125868
950 1000 0.9376192656303151 0.9181332600667563 0.9438633544565166 0.9353938139804304 0.9114909962842807 0.9406488444824986 0.9427165879287362
1000 1050 0.8351100792275753 0.8178908798207002 0.8407787912604269 0.8329789460556887 0.8117517714729393 0.8378967909533112 0.8398230554438457
1050 1100 0.7443855847337223 0.7291287496784117 0.7495659764560954 0.7424039819679408 0.7235010513705268 0.7469253558126137 0.748723278623982
1100 1150 0.6646456776695079 0.6509623571128946 0.6696075834339407 0.6627597720603676 0.645766798746905 0.6670227268057491 0.6689759101352157
1150 1200 0.5929958784826859 0.5810374916868509 0.5971752215325669 0.5912668418836569 0.5763149714141111 0.5951009226983498 0.5965279872592175
1200 1250 0.5301511527334858 0.519513155354495 0.53397492400343 0.5285766467057932 0.5151883863850999 0.5320647572690601 0.5333880119897413
1250 1300 0.47417826785585565 0.4648213309613922 0.47745848352558046 0.47270434370533226 0.46086158997140836 0.4759220985452189 0.47692916898364013
1300 1350 0.42562458095277955 0.41703451762496013 0.4290003526590721 0.42420657186763366 0.41337380057680606 0.4272865330316758 0.42864530620404423
1350 1400 0.3811785365825617 0.37368637040164004 0.383946046349512 0.37999404539830484 0.37042553081353935 0.382514723590018 0.3833781941409041
1400 1450 0.3424223698328478 0.33566226697369284 0.34503666568795366 0.3412134263713069 0.33260124182264456 0.34376312896439537 0.3447363108743901
1450 1500 0.3076520769915139 0.3016703607678458 0.30991622382894995 0.3065581367523242 0.2988686440321336 0.30889689005252097 0.30965809203168954
1500 15000 2.9579772393381685 2.900721361770036 2.9835363512912707 2.9438291367611225 2.86877981053042 2.9721935723929285 2.982786505866045
