# NNLO Mhh cross section per bin in unit of fb at 13TeV
# Bin width is NOT divided
# PDF: MSHT20xNNPDF40_NNLO_qed, MH=125 GeV
# Mhh(min) Mhh(max) scale=(muR/mu0,muF/mu0):
# Mhh(min) Mhh(max)  (1.,1.)    (2.,1.)    (0.5,1.)    (1.,2.)    (2.,2.)    (1.,0.5)    (0.5,0.5)   
250 270 0.015120684833847016 0.014216066251937425 0.015641532186086833 0.015123874225588202 0.014182663634681894 0.015178109754161074 0.015633256116264385
270 290 0.1161551656865672 0.10811660065878852 0.12201855357178412 0.11598889323270518 0.10767307591820398 0.11675962250564358 0.12217358955856775
290 310 0.27678777895582257 0.25716038725949714 0.29182434890816455 0.27611797665060617 0.2557629386065367 0.27851207705095615 0.2923379300561029
310 330 0.4428256752964514 0.41141990372101744 0.4673382497154011 0.44140699792633714 0.4087023329257545 0.4459603847518991 0.46829189924920195
330 350 0.5880300962653902 0.5465938672099907 0.6206724892242491 0.585727416027914 0.5424140585572168 0.5926174659394939 0.6220707075092463
350 370 0.7035752690286032 0.6544837280633748 0.7424376739839763 0.7003700015117381 0.6488488208458909 0.7095226173543632 0.744221554268106
370 390 0.7895700227187159 0.7350293875423383 0.8328859924864781 0.785506165363893 0.7280542420137569 0.7967032462628154 0.8350109985232974
390 410 0.8491896355691159 0.7911400030500024 0.8954177397235581 0.8443553466375436 0.7829862257269053 0.8573265143436665 0.8978220087368447
410 430 0.8866566078604349 0.8266908191086241 0.9344777012611596 0.8811566138525171 0.817542548671586 0.8955842049691574 0.9370951391587176
430 450 0.9064445756319237 0.8457575507064905 0.9549032333146803 0.9003845628799224 0.8357990468349689 0.9159879350117441 0.9576934088510188
450 470 0.9121895489671071 0.8517372273672643 0.9604959969898909 0.9056862630056393 0.8411441503042353 0.9221751804699043 0.9633975675349262
470 490 0.9072541879749939 0.8477048352645283 0.9548809163921476 0.9004074003837846 0.8366349421019934 0.9175417241626463 0.9578583632594707
490 510 0.8941586033193812 0.8360158466304977 0.9406690289360944 0.8870588864678014 0.8246149865407474 0.9046119809839414 0.9436791436856296
510 530 0.8751045549779224 0.8187092874567082 0.9202483788719833 0.8678294472458282 0.8070895487303649 0.8856358888214841 0.9232805050744048
530 550 0.8517527400982622 0.7973235719103967 0.8953494995077339 0.8443596561604644 0.7855877253063804 0.862278727941609 0.8983708123992541
550 570 0.825319551345767 0.7730243748186685 0.867217413671216 0.8178738587771661 0.7612592677175832 0.8357692598291411 0.8702219117950076
570 590 0.7969623563572443 0.7468621930812009 0.8371182741648481 0.7895142641419072 0.7351393693034711 0.8072813284191827 0.8400873994929042
590 610 0.7673895891076978 0.719518583759682 0.80576823928849 0.7599709496138335 0.707895338927766 0.7775344874740776 0.8086845283224898
610 630 0.7372451148066912 0.6915942752223996 0.7738599236637846 0.7298885738284232 0.6801160548256053 0.7471839391104325 0.7767256134418278
630 650 0.7070022854870303 0.6635287673096523 0.7418726795775323 0.6997379629795452 0.6522374905016673 0.7167094889150721 0.7446819944953672
650 670 0.6769722098278288 0.6356322468735195 0.7101386157232739 0.6698311041238137 0.6245628620229663 0.6864262125344892 0.7128785974442847
670 690 0.6474552431045517 0.6081822779862012 0.6789838042608285 0.6404504589794882 0.597357540263747 0.6566429341964096 0.6816421464159822
690 710 0.6186835793349675 0.5813820285166627 0.6486406162411663 0.6118310303792115 0.5708172270084709 0.6275933147340292 0.6512357821944217
710 730 0.5906294082063149 0.5552531066548085 0.6190346811115747 0.5839447734921673 0.5449705073953915 0.5992490071506226 0.6215449442470736
730 750 0.5636237956939114 0.5300500047654856 0.5906041501524034 0.5570963532146839 0.5200438301454915 0.571964696694498 0.5930385607162717
750 770 0.5374933994595313 0.5056724756686787 0.5630706972204291 0.5311461612500742 0.49595922776634216 0.5455512808732531 0.5654207733868224
770 790 0.5124356185822497 0.4822632391169531 0.5366939611644155 0.506263152503191 0.4728433183450575 0.5202051100126246 0.5389689018827636
790 810 0.48839610115687054 0.45979358388788544 0.5113962851314441 0.4824064311269491 0.4506672303237117 0.4958851243468425 0.5135988446179739
810 830 0.4654381450987208 0.4383127031638995 0.487264121169241 0.4596212724279983 0.4294781228262207 0.47266208716829405 0.489395792928298
830 850 0.4433970505713259 0.41769929558129815 0.4640649094946743 0.43776773721008294 0.4091610376700948 0.4503435460544072 0.46611490604636746
850 900 1.0188962118790927 0.9603286632306656 1.0660433065336927 1.0055992309340018 0.9402260987312949 1.0351495576133545 1.0708682804934497
900 950 0.90265775352043 0.8513551352393641 0.9439939000360407 0.8904269795219683 0.8329537536662446 0.9174051607896505 0.9484300967097755
950 1000 0.7999653115899756 0.7549822390178135 0.8362337542085625 0.7887537776371376 0.7381861701634133 0.8133124025770183 0.8402741590976354
1000 1050 0.7094820079575616 0.6699869716064047 0.7413502547098143 0.6992413165273763 0.6546853284323907 0.7215321229624193 0.7450128605968269
1050 1100 0.6297722664134788 0.5950430619181876 0.657822436508783 0.6204134698849941 0.5811107597955889 0.640673720453668 0.6611653335670274
1100 1150 0.5596660801799201 0.5290636594461549 0.5844030272430034 0.5511243715133509 0.5163943494115338 0.5695207984579197 0.5874569550922794
1150 1200 0.4978544211247653 0.47086184835853667 0.5196842193788374 0.49007822897583236 0.4593536665530616 0.506757148873614 0.5224587285711922
1200 1250 0.4434645553948869 0.41959905396554603 0.4627891957386229 0.43636517550193443 0.40913157633168423 0.4515175659080361 0.4653314924699562
1250 1300 0.3954059918195868 0.37428824263360133 0.4125160217326617 0.38893912460615615 0.36477538019054084 0.40268673609996447 0.4148207292218334
1300 1350 0.3529916205061325 0.33426926147824143 0.3681751301165694 0.3470917838480428 0.3256188271715396 0.3595759406865378 0.37027464008559174
1350 1400 0.3155242572087716 0.2988905503629094 0.32902374881614466 0.3101388035886792 0.29101735232366555 0.32148616893656096 0.3309532395176611
1400 1450 0.28228401221797206 0.26750526952841364 0.294291529953724 0.2773777531162707 0.2603472314672918 0.287681922817158 0.2960354428854576
1450 1500 0.2529197985971976 0.23973906318993946 0.26364498152851656 0.2484331828986083 0.23321860364184122 0.25782143370421207 0.265255499827775
1500 15000 2.350548321086241 2.233078165386654 2.446957753849074 2.301774573109721 2.1636998512164376 2.400969527944201 2.464578284735576
