# N3LO Mhh cross section per bin in unit of fb at 13.6TeV
# Bin width is NOT divided
# PDF: MSHT20xNNPDF40_NNLO_qed, MH=125 GeV
# Mhh(min) Mhh(max) scale=(muR/mu0,muF/mu0):
# Mhh(min) Mhh(max)  (1.,1.)    (2.,1.)    (0.5,1.)    (1.,2.)    (2.,2.)    (1.,0.5)    (0.5,0.5)   
250 270 0.016255051974617313 0.016151034880195085 0.015871166339757943 0.016261005154684545 0.01614409407935916 0.016298440613907724 0.015900426984018712
270 290 0.12822021737079942 0.12587064472843873 0.1269751572010031 0.12825514144961014 0.1257716417264367 0.1284122021288308 0.12697832933857223
290 310 0.30858036187982796 0.30192620854797003 0.3070830122260053 0.3086695042137244 0.30158309740230965 0.3089920133657975 0.3068242490132828
310 330 0.4960556782323466 0.484885767169662 0.49471812596368564 0.49613565647388225 0.48412497491572604 0.4967708658069387 0.49425529431257004
330 350 0.6619003117819474 0.6463925137961712 0.6615084679360292 0.6618578596679021 0.6450784615042641 0.6629349790397716 0.6608530491641945
350 370 0.794561209269844 0.7758053103346831 0.7950235913723934 0.7944498037662586 0.7739781386896655 0.7958844713439688 0.7941122949556825
370 390 0.8942510566013321 0.8730354839435175 0.8955628693655128 0.8940565868673543 0.8706820431631076 0.8958433526903483 0.8945126605416942
390 410 0.9635595509839439 0.9408872215689857 0.9652952194321804 0.9632626748949713 0.9380835540553053 0.9653322694051331 0.9639812703489434
410 430 1.0086801508232286 0.9849117971899131 1.0112383995021663 1.0082482627890677 0.9816864162134471 1.0106901469279141 1.0099115832412024
430 450 1.0336772849700413 1.0092942441249355 1.0368623843455904 1.0330435160001366 1.0057067174996384 1.035815822181835 1.0354881875750521
450 470 1.0420216100678361 1.0176769714653648 1.0454773498265075 1.041312378075791 1.0137969813903058 1.0442480936125846 1.0440365070981914
470 490 1.0386277600070488 1.0143833896577603 1.04255392725405 1.03780575561588 1.010283470964965 1.0409293632583658 1.0411266951866824
490 510 1.0254669501070557 1.001698535386012 1.0296316600583342 1.0245435982712876 0.9974116282371027 1.0278551332566515 1.0281915278552427
510 530 1.0052839687054542 0.9821640409953608 1.0095009436764 1.0043259013300239 0.9777601628150409 1.0076623978814943 1.0081268467534676
530 550 0.9796740194491842 0.9573794723409755 0.9837339687644171 0.9786928513533711 0.9529499291359791 0.9819362595931359 0.9822109315730649
550 570 0.9509110733417417 0.9294107760060859 0.9550406253465252 0.9498637863478766 0.9249067628614763 0.9532048965667825 0.9535975513270492
570 590 0.9196795712975785 0.8990041262539321 0.9237973680688094 0.9185812911417631 0.8944995070507265 0.9219429312395573 0.922408148226728
590 610 0.8870578335784729 0.8672107115648438 0.8912322160197516 0.8859360593114647 0.8627185844718196 0.8892895506920101 0.8898539985842592
610 630 0.8538184429052005 0.834744883540623 0.8580941087671164 0.8525918093287658 0.8302263012668558 0.8561017053853625 0.8569613093826234
630 650 0.8199496852454965 0.8017534340225801 0.8241218588770276 0.818764490520112 0.7973277988822657 0.8221082555258534 0.8228733797963373
650 670 0.786454703567332 0.7690614082708425 0.790623262167757 0.7852465122671163 0.7646805570338414 0.7886070289547317 0.7895039189216692
670 690 0.7532962478282829 0.7367180081743614 0.7573947438808033 0.7520634536936014 0.7323957508168647 0.7554057458711604 0.7563319566674059
690 710 0.7210664273885365 0.7052038623149035 0.7251930014844606 0.7198195131159263 0.7009571661956698 0.7231369296099786 0.7242052385210479
710 730 0.6890779932206316 0.6741016976047755 0.6928738566262939 0.6878844153773497 0.6699878085616491 0.6910237733256772 0.6918535319191388
730 750 0.6588360735392802 0.6444705919756895 0.662743697915615 0.6576157455478555 0.6404199366128239 0.660758474658753 0.66181964886369
750 770 0.6294372231348899 0.6157150852315607 0.6333147493163443 0.628201968436407 0.6117557284267464 0.6313414839649499 0.6324987417850131
770 790 0.6006252219060276 0.5876889716508167 0.6042149804135093 0.5994296466649783 0.5838441368598238 0.6024323126133173 0.6033897971153745
790 810 0.5733744518791387 0.561040661769628 0.5769000461913083 0.5722010009397418 0.5573112470267619 0.5751119384506019 0.5761017857201556
810 830 0.5475124861823834 0.5356661447111176 0.5511331624312492 0.5462989472821131 0.532003862172269 0.5492667950694055 0.5504949863306602
830 850 0.5221327884086708 0.5109613540074927 0.5254692418445258 0.5209467767007383 0.5074100295382977 0.5237922839793184 0.5248249043763962
850 900 1.2021104353208856 1.1767265198772434 1.209653791656103 1.199393220651441 1.1684125572772128 1.2059376659975323 1.208041562004523
900 950 1.0688844513221645 1.0464125476007766 1.0759345453690887 1.0662858605697145 1.0387240070754742 1.0724160996235648 1.0745880274875301
950 1000 0.9505792315536811 0.9307209346149881 0.957054567995874 0.9481040559100168 0.9236306404439873 0.953821153144063 0.9559356247254411
1000 1050 0.8461532305995235 0.828542504621766 0.8521513119951276 0.8438084888722402 0.8220227291181105 0.8491496500503326 0.8512326647955825
1050 1100 0.753614535842554 0.7380226514925733 0.7590533349788235 0.7514297947976826 0.7320580384602126 0.7563212561753401 0.758240076689873
1100 1150 0.6717233316269796 0.6579632321745656 0.6765921556976153 0.6697325383784861 0.6525317672651335 0.6741823756496914 0.6758686769795208
1150 1200 0.5996347332874306 0.5873973950030937 0.6040929596115135 0.5977616308373858 0.5824091511476431 0.6019169862550305 0.6035221063910038
1200 1250 0.5360260909897001 0.5250874718856876 0.540164171214848 0.534281137891537 0.5205161058666579 0.5381185885428303 0.5397067512256523
1250 1300 0.47906271203535766 0.4694771145522734 0.48254403015456937 0.47749193471221413 0.4653362489269637 0.48088430407498767 0.4820583429037661
1300 1350 0.4291717982767705 0.42058754528059356 0.4324261260292405 0.42772035154967575 0.41680196876499775 0.43084955983402073 0.4319937773654348
1350 1400 0.3850093749512153 0.37729199493395743 0.3880449538137282 0.3836224122128147 0.37379865461752626 0.38658448343461516 0.38773550831219594
1400 1450 0.3456069742235296 0.33870143828661964 0.3483860878902129 0.3443124872569918 0.335499138223818 0.3470746587700853 0.3481751738659132
1450 1500 0.3099954851907639 0.30396227616594396 0.31226621631116286 0.3088708321406758 0.3010835259028871 0.31122823646455977 0.311953267948067
1500 15000 2.9915472418936986 2.9331859861855367 3.0181068320884763 2.9767294939420945 2.9001499520791314 3.0063915813699977 3.0175419657667626
