# N3LO Mhh cross section per bin in unit of fb at 13TeV
# Bin width is NOT divided
# PDF: MSHT20xNNPDF40_aN3LO_qed, MH=125 GeV
# Mhh(min) Mhh(max) scale=(muR/mu0,muF/mu0):
# Mhh(min) Mhh(max)  (1.,1.)    (2.,1.)    (0.5,1.)    (1.,2.)    (2.,2.)    (1.,0.5)    (0.5,0.5)   
250 270 0.014265110183274905 0.014176773342880174 0.013859615082055726 0.014258924295953074 0.014177477886337742 0.014262486095219679 0.013863963790800767
270 290 0.11272391974645798 0.11065928064947116 0.11156902618998338 0.1127538967479226 0.11061118238620671 0.11283488243299357 0.11144977394804835
290 310 0.27107642894377443 0.26525866382129126 0.2697860726688163 0.2712071297944806 0.26501024431604114 0.2714202877280642 0.26955370777557003
310 330 0.4357207859642157 0.42583934867217016 0.43474189082127107 0.43585694762172544 0.42529920319267683 0.4362711208274672 0.43419183120902316
330 350 0.5807558910579276 0.5671726473278168 0.5804721648603769 0.5808935697847988 0.5662180933035068 0.581573887871699 0.5798441618510133
350 370 0.6969049827628789 0.6803778268588154 0.6974263245728873 0.6969768386446091 0.6789897093099474 0.6978973330918781 0.6965696664775659
370 390 0.7829555519000442 0.7645849134445156 0.7837095065981168 0.7829845632377472 0.7627861088748943 0.7841055274336325 0.7826080525274206
390 410 0.844000177467431 0.8240596813304947 0.8456503293598461 0.8438549400682278 0.8218290060185002 0.84538963197889 0.8445147839474366
410 430 0.8823548749116377 0.8616645961636606 0.8843257156213001 0.8821331788345319 0.8591193083292935 0.8838563448532489 0.8830281858284599
430 450 0.9033573778664138 0.88226241029314 0.9057843579303494 0.9030654974141676 0.8794144543246484 0.9049616261195519 0.9044112669381564
450 470 0.9107726552272092 0.8894770853727538 0.9138230206977352 0.910332382977678 0.8863334992446203 0.9125015785323664 0.9124629335932267
470 490 0.9063533154412402 0.8854676827810859 0.9093145969578225 0.9058784326217644 0.8821958602973875 0.9080548189782266 0.9077524843944569
490 510 0.8946405719618041 0.8740551754655164 0.8979393010293207 0.8940503864851409 0.8705757267395254 0.8964352456116537 0.896552475483958
510 530 0.8766830583217111 0.8565780100759879 0.8802299265668498 0.8760565278495169 0.8530109869396261 0.8784845131690453 0.8787737468882219
530 550 0.8540919918469618 0.834643200967613 0.8576963646365323 0.8533846387298214 0.8309943767531959 0.8559074806381414 0.8563337131501408
550 570 0.8284505322575412 0.809691895242836 0.832141982919955 0.8277067672022713 0.8059928582476644 0.8302562210140321 0.8307413483566423
570 590 0.8009493446062055 0.782867770562675 0.8047153001533023 0.800123782431692 0.7791181645997327 0.8027865507154124 0.80342760264177
590 610 0.7720620706662905 0.7546847863585043 0.7759180530666642 0.771195364214972 0.7509339435772723 0.7738749666375185 0.7746917065755454
610 630 0.7423497439306538 0.7257503931714254 0.7461377746386817 0.7414537146652148 0.7220045663800702 0.744159389591395 0.744973337281851
630 650 0.7125163693926478 0.6966592290959844 0.7162825957916955 0.711604408999882 0.6929525021120666 0.7142843124203011 0.7151272132901852
650 670 0.6827707076813082 0.6676615543314227 0.6864137570103201 0.6818480621746461 0.6640009356247508 0.6844955259500813 0.685322427268831
670 690 0.6536906019167855 0.6392519329446745 0.6573630149317562 0.6527213410558919 0.6356326836962901 0.6554137191512863 0.6563767499606552
690 710 0.6251983918206631 0.6114137220746815 0.628840068237396 0.6241951495685453 0.6078392260003358 0.6269087609449421 0.627949505910009
710 730 0.5972834798551532 0.5841933123263372 0.6007705949002907 0.5963011668852775 0.5807085004874128 0.5989160685162518 0.5998978670551536
730 750 0.569838978535269 0.5575570731508331 0.5729805084468474 0.5689203045392383 0.5541840531510497 0.5713613409969959 0.572041615187154
750 770 0.543961259583352 0.5322417513504122 0.5470753729301764 0.5430074069456428 0.5289363912397765 0.5454692656854063 0.5462305429441572
770 790 0.5189134256724176 0.5077858443890274 0.5219366891655876 0.5179789859383341 0.5045663341951321 0.520367620050705 0.5211251268703934
790 810 0.4951187571626375 0.48448205137168654 0.498162114108051 0.4941555216943961 0.48132212046850087 0.49655963321109015 0.49743689025751353
810 830 0.4722205109873948 0.46206587746420325 0.47522759754340743 0.47126869107373714 0.45899612810335133 0.4736228920854499 0.47456931710005423
830 850 0.4501554754914061 0.44052284952042475 0.453045868062564 0.4492290674694868 0.43755029426221886 0.45150364477428284 0.452399937097546
850 900 1.034906515245403 1.013039540921733 1.0414286728906237 1.0326692274658062 1.006000200312188 1.038088067167846 1.039980930847425
900 950 0.9180778418508924 0.8988188445845507 0.9240717799768591 0.9159577887300311 0.8923235888469049 0.9209897333986179 0.9228153270178603
950 1000 0.8144162567965729 0.7975033878018739 0.819787381480088 0.812415059633817 0.7915354185675864 0.8170736027416587 0.8186845647450763
1000 1050 0.7230429601557347 0.7081556033330278 0.7278840653991786 0.7211849668675551 0.702697341244573 0.7254327708412573 0.7268900708259126
1050 1100 0.6427234651681664 0.6294939742368356 0.6472434046244904 0.6409420366069561 0.6244548904592305 0.6449562641543153 0.6464759431508678
1100 1150 0.5717433686628145 0.5599612351987646 0.5760140630770072 0.5700035249606582 0.5553140455392387 0.5738972551622055 0.5755663830851696
1150 1200 0.5088680896385833 0.4985458905549 0.5125345513324392 0.5073251686026583 0.49434015019055194 0.5107396317293404 0.5119765666728395
1200 1250 0.45364982231676065 0.44446014027696695 0.4570318677107354 0.45222573456469484 0.44061506435840575 0.455337304618728 0.45653857563087247
1250 1300 0.40454083773691263 0.3964565536285777 0.4074970768883792 0.4032258138724374 0.3929652885477249 0.40608903784088096 0.40706230681059435
1300 1350 0.3613792175796776 0.3541849464715846 0.3640641437272801 0.3601645551301029 0.3509863564421897 0.36277391062623854 0.3636901327496293
1350 1400 0.3233651974129813 0.3168602111121924 0.325939409406675 0.32220081283949326 0.31391799885206423 0.32467549005531954 0.3257139059452894
1400 1450 0.2897802880128729 0.28389563652535704 0.2922555539961476 0.28866136335716847 0.2811722214746276 0.2910388620233533 0.29213634630863383
1450 1500 0.2593635403179999 0.25420296325470815 0.2614441273197895 0.2583804056587169 0.2517572200854124 0.26045806700116747 0.2612647176303677
1500 15000 2.4063215110684038 2.3595439626551302 2.4272866389061756 2.394511673967373 2.3328326589770216 2.4181449877977266 2.4264891778031643
