250.	1.2963162024191095
270.	1.1618880807431047
290.	1.103451154165192
310.	1.072305603988552
330.	1.0449396231256554
350.	0.9926718609303674
370.	0.973318309092547
390.	0.9604068028100127
410.	0.9512567822307021
430.	0.9445742737191528
450.	0.9388204170997283
470.	0.9351514077193974
490.	0.9305871879334411
510.	0.927426817064309
530.	0.9269224930261539
550.	0.925750224155443
570.	0.9240767022990007
590.	0.9213715580941
610.	0.9207893595372422
630.	0.9201653332350311
650.	0.9201978296755615
670.	0.9187184300494414
690.	0.9177096725487788
710.	0.9177901860799391
730.	0.9179549814857277
750.	0.9170972068275263
770.	0.917479930574965
790.	0.916772796865926
810.	0.9165867332533456
830.	0.9163144264894008
850.	0.9163586792870559
900.	0.9156770857151132
950.	0.9152812987664947
1000.	0.9149120426272119
1050.	0.9146636760753043
1100.	0.91362418721568
1150.	0.913770329431249
1200.	0.912731930935814
1250.	0.9123661266825626
1300.	0.9120927500529667
1350.	0.9105019459709145
1400.	0.9099685099561405
1450.	0.9089259658092947
1500.	0.9026148511363331