250.	1.2956689108529722
270.	1.161563498146627
290.	1.1034540345756623
310.	1.0718429709488426
330.	1.0453770257139654
350.	0.9928092325262464
370.	0.9730978565679761
390.	0.9601465991290551
410.	0.9515397920362267
430.	0.9442660337872941
450.	0.938476731054589
470.	0.9349630044459626
490.	0.9318350722804388
510.	0.927667633256199
530.	0.9263598646950335
550.	0.9253528309439474
570.	0.9227749441179167
590.	0.922562779672076
610.	0.9203216405939941
630.	0.9209322193875817
650.	0.9203966149275413
670.	0.9182502854558336
690.	0.9172552251128172
710.	0.9182818278182862
730.	0.9178304185485519
750.	0.917788146193856
770.	0.9171242751430011
790.	0.9172984237548792
810.	0.9161295776985159
830.	0.9167890015334031
850.	0.9160117654806101
900.	0.9154079645405454
950.	0.9146987462713142
1000.	0.9155809811703657
1050.	0.9144809915136737
1100.	0.9142425110021516
1150.	0.9136594244045244
1200.	0.9130728555916657
1250.	0.9124223514397763
1300.	0.9117763570891775
1350.	0.9106582041850377
1400.	0.9094446731933216
1450.	0.9088286210488125
1500.	0.9028112343342037