250.	1.295409225508342
270.	1.1622714407105266
290.	1.1039099394048046
310.	1.0724961976118088
330.	1.0451249839229317
350.	0.99282949419913
370.	0.9731478023672042
390.	0.9603134235141441
410.	0.9520775336423627
430.	0.9442180973436302
450.	0.938949922272749
470.	0.9346540219425218
490.	0.9314108396336225
510.	0.9286557931088621
530.	0.9262585842643205
550.	0.9242580434088166
570.	0.9246688438241227
590.	0.9218122423464081
610.	0.9209304118211195
630.	0.9199824937861955
650.	0.9202134858723942
670.	0.9194925900694055
690.	0.9174568291241942
710.	0.9182605949741267
730.	0.9174956465200507
750.	0.9171902286498331
770.	0.9172668085547683
790.	0.9173038851441806
810.	0.9157782359480202
830.	0.9168299658457751
850.	0.9163252425093749
900.	0.9156986754777282
950.	0.9151269375095538
1000.	0.9149130766545491
1050.	0.9149520387761272
1100.	0.9137590278832914
1150.	0.9133633735333471
1200.	0.9130621153136341
1250.	0.9124203396546392
1300.	0.9112532815616288
1350.	0.9109823352264783
1400.	0.9091349863549808
1450.	0.9090438020571321
1500.	0.9024359001988629