250.	1.2954200544573913
270.	1.1614955293505684
290.	1.103417054317454
310.	1.0718246501858004
330.	1.0453485334089199
350.	0.9927937477937396
370.	0.9730925576079018
390.	0.960141314835936
410.	0.9515363721645296
430.	0.9442621437679705
450.	0.9384748721982957
470.	0.9349651407117626
490.	0.9318315939840829
510.	0.9276668458699788
530.	0.9263625545280095
550.	0.9253443992925051
570.	0.9227746824510812
590.	0.92256643408168
610.	0.920315435682386
630.	0.9209312770706553
650.	0.9204020129172047
670.	0.9182572543905734
690.	0.917258956968864
710.	0.9182868913468077
730.	0.9178328461472425
750.	0.9177953471123331
770.	0.9171232357426571
790.	0.9172948109783765
810.	0.9161282520493129
830.	0.9167899609486339
850.	0.9160115569076379
900.	0.9154062402770098
950.	0.9146999875812513
1000.	0.9155781344927928
1050.	0.9144778962449717
1100.	0.9142386282108709
1150.	0.9136599304217353
1200.	0.9130788372035789
1250.	0.9124224317649559
1300.	0.9117774953572922
1350.	0.9106505700394816
1400.	0.9094481496205236
1450.	0.9088304905480061
1500.	0.902728939589939