250.	1.2963865892066309
270.	1.161921689995504
290.	1.103452024464011
310.	1.0723079925770838
330.	1.0449435198234387
350.	0.9926749815233448
370.	0.9733163497982601
390.	0.9604080137647362
410.	0.9512560496407892
430.	0.9445711040788464
450.	0.9388229778518721
470.	0.9351563366544448
490.	0.9305883793944256
510.	0.9274289660016811
530.	0.926920046027758
550.	0.9257437067622327
570.	0.9240868795487125
590.	0.9213728231129392
610.	0.9207874793867288
630.	0.920166686917316
650.	0.9202018645240194
670.	0.9187124167473424
690.	0.9177065028102398
710.	0.9177884464050301
730.	0.9179503335496894
750.	0.9170964803224476
770.	0.9174765498961868
790.	0.9167701711685953
810.	0.9165845153230956
830.	0.9163107667529683
850.	0.916360171356325
900.	0.9156770539300997
950.	0.9152805865007516
1000.	0.9149142343099806
1050.	0.9146608018488173
1100.	0.9136249025368932
1150.	0.9137713847302115
1200.	0.9127333272013927
1250.	0.9123628253100039
1300.	0.912094658889112
1350.	0.910500589228853
1400.	0.9099713976032417
1450.	0.9089231368302675
1500.	0.9026409725130403