250.	1.295772935419865
270.	1.1615738687840302
290.	1.1034661494843692
310.	1.0718489660166017
330.	1.0453819344242181
350.	0.9928118958844849
370.	0.9730968821617911
390.	0.960147719203332
410.	0.9515404905331245
430.	0.9442672125314735
450.	0.9384777691693946
470.	0.9349595669959672
490.	0.9318374410914856
510.	0.9276684086026846
530.	0.92635730094488
550.	0.9253597963155136
570.	0.9227740077996023
590.	0.9225587214996628
610.	0.9203263545920675
630.	0.9209328092673751
650.	0.9203913872291407
670.	0.9182443083879728
690.	0.9172521270990075
710.	0.9182771982194367
730.	0.9178281966432403
750.	0.9177810132285521
770.	0.917125291615375
790.	0.9173016822783083
810.	0.9161309417538641
830.	0.9167885674809468
850.	0.9160121717531665
900.	0.9154095743433276
950.	0.9146973515539177
1000.	0.9155831420668863
1050.	0.9144839106111667
1100.	0.9142462294748294
1150.	0.9136587572990461
1200.	0.9130669512194625
1250.	0.9124220911160598
1300.	0.9117750184771679
1350.	0.9106654358183258
1400.	0.909441555197112
1450.	0.9088264967909679
1500.	0.9028398323348141