250.	1.296272561464257
270.	1.1618704704198346
290.	1.103443182906584
310.	1.0723014408112
330.	1.044932724209897
350.	0.9926678775008442
370.	0.9733162269189544
390.	0.9604055118082744
410.	0.9512557521658443
430.	0.9445732662840393
450.	0.9388196905983677
470.	0.9351511813909854
490.	0.9305867655089343
510.	0.9274265260200067
530.	0.9269220346499526
550.	0.9257500953169326
570.	0.9240766364084264
590.	0.9213716310446456
610.	0.9207892924030411
630.	0.9201653041280367
650.	0.9201976468319131
670.	0.9187182115187278
690.	0.9177098835199247
710.	0.9177900814953689
730.	0.9179550024202806
750.	0.9170972001137322
770.	0.9174798984403191
790.	0.9167727533948348
810.	0.9165867015992368
830.	0.9163143204115688
850.	0.9163585404788018
900.	0.9156769319648573
950.	0.9152812474196701
1000.	0.9149119630033667
1050.	0.9146634961343936
1100.	0.9136241024551273
1150.	0.9137703157710747
1200.	0.9127318724473968
1250.	0.9123659018710308
1300.	0.9120926782531058
1350.	0.9105018949546844
1400.	0.9099684583458935
1450.	0.9089259871667114
1500.	0.9025980747000957