250.	1.2962371127936232
270.	1.161856042532769
290.	1.1034366596332554
310.	1.0722980862382132
330.	1.0449271371351863
350.	0.9926646374909786
370.	0.9733145247213312
390.	0.960404451266907
410.	0.9512548987688142
430.	0.9445724285242209
450.	0.9388190949533419
470.	0.9351509973639408
490.	0.930586421197251
510.	0.9274262881273715
530.	0.9269216592807259
550.	0.9257499895816642
570.	0.9240765821412201
590.	0.9213716915944569
610.	0.9207892354328221
630.	0.9201652791665367
650.	0.9201974921791185
670.	0.9187180285203556
690.	0.9177100584457072
710.	0.9177899956121567
730.	0.9179550195825529
750.	0.9170971945705471
770.	0.9174798720435386
790.	0.9167727176344707
810.	0.9165866755322463
830.	0.9163142329524631
850.	0.9163584243691242
900.	0.9156767997816346
950.	0.9152812029667783
1000.	0.9149118948999089
1050.	0.9146633453695543
1100.	0.9136240326176701
1150.	0.9137703045344812
1200.	0.9127318244251832
1250.	0.9123657159979363
1300.	0.9120926179386575
1350.	0.9105018510342725
1400.	0.9099684128739982
1450.	0.908926005857704
1500.	0.9025838135217498