250.	1.2961349724582383
270.	1.1618081853362014
290.	1.1034319452091703
310.	1.0722937172594789
330.	1.0449197933191172
350.	0.992659452660505
370.	0.9733159627332723
390.	0.9604028167514966
410.	0.9512553200145646
430.	0.9445754975581178
450.	0.9388157912646965
470.	0.9351449948179963
490.	0.9305849039374615
510.	0.927424221988517
530.	0.9269240588101234
550.	0.9257569875872823
570.	0.9240652047380948
590.	0.9213703483134503
610.	0.9207911662591308
630.	0.9201634838354777
650.	0.9201929609084356
670.	0.9187248023966954
690.	0.9177136181518668
710.	0.9177922680876072
730.	0.9179604058882679
750.	0.9170981104802355
770.	0.9174834574399857
790.	0.9167756184805348
810.	0.916588959381371
830.	0.9163179068230618
850.	0.9163566829161088
900.	0.9156766476593693
950.	0.9152819642906355
1000.	0.9149096678871342
1050.	0.9146664070903969
1100.	0.9136232211945554
1150.	0.9137690819979403
1200.	0.9127301164469204
1250.	0.9123689889175872
1300.	0.9120904607691537
1350.	0.9105030840683129
1400.	0.9099652390475429
1450.	0.908929363349799
1500.	0.9025511668706935