250.	1.2955468829569845
270.	1.162316612376649
290.	1.1039147015152357
310.	1.0724994622531987
330.	1.045130698124082
350.	0.9928347539025504
370.	0.97314806543357
390.	0.9603118692606988
410.	0.9520749844844584
430.	0.9442183222823346
450.	0.9389498625237844
470.	0.9346552001569095
490.	0.9314174814322808
510.	0.9286586965065429
530.	0.9262561150791744
550.	0.9242529607208942
570.	0.9246745481155999
590.	0.9218156583159285
610.	0.9209292150593276
630.	0.9199827725387679
650.	0.9202143582017062
670.	0.9194926160488501
690.	0.9174484612290753
710.	0.9182559796941566
730.	0.9174897269332596
750.	0.9171866392739855
770.	0.917263239050425
790.	0.9172985492943535
810.	0.9157738724450522
830.	0.916824395050837
850.	0.9163299660255193
900.	0.9156984243129294
950.	0.9151297357401871
1000.	0.914913577113018
1050.	0.9149498141030779
1100.	0.9137608069942784
1150.	0.9133672843228237
1200.	0.9130669358270534
1250.	0.9124182701109131
1300.	0.9112529769683935
1350.	0.9109825248251088
1400.	0.9091295380564641
1450.	0.9090459814789059
1500.	0.9024685389120408