250.	1.2960913819908093
270.	1.1617906141635495
290.	1.1034239682120375
310.	1.072289557994362
330.	1.0449128915439774
350.	0.9926554703001886
370.	0.9733138818233522
390.	0.9604015243415684
410.	0.951254290478038
430.	0.9445744907638376
450.	0.9388150653831382
470.	0.9351447674082213
490.	0.9305844815734461
510.	0.9274239312041167
530.	0.9269236002684307
550.	0.9257568575124555
570.	0.9240651384323642
590.	0.9213704206400563
610.	0.920791098581245
630.	0.9201634551403791
650.	0.920192777905398
670.	0.9187245842998095
690.	0.9177138294466329
710.	0.9177921637477998
730.	0.9179604266901021
750.	0.9170981038938744
770.	0.9174834255117336
790.	0.9167755744962414
810.	0.9165889283077152
830.	0.9163178003062332
850.	0.9163565449855903
900.	0.9156764934384006
950.	0.9152819132520184
1000.	0.914909588919802
1050.	0.9146662267813217
1100.	0.9136231354575781
1150.	0.9137690690712889
1200.	0.9127300587502004
1250.	0.9123687639694473
1300.	0.9120903893699089
1350.	0.9105030339368243
1400.	0.9099651870646916
1450.	0.9089293838746297
1500.	0.9025340263598258