250.	1.29580523465256
270.	1.1615877626756768
290.	1.1034720440065324
310.	1.0718518290018817
330.	1.0453876411470362
350.	0.9928150430625382
370.	0.973098528454767
390.	0.9601487692261672
410.	0.9515412001923388
430.	0.9442678006821457
450.	0.9384779276246328
470.	0.9349598698314034
490.	0.9318377194507523
510.	0.9276684724160635
530.	0.9263573943654448
550.	0.9253599210295997
570.	0.9227744236792325
590.	0.9225589166518864
610.	0.9203265829908832
630.	0.9209329140771039
650.	0.9203914689939349
670.	0.9182441113516495
690.	0.9172521557904242
710.	0.9182772326680257
730.	0.9178282202584931
750.	0.9177810932603109
770.	0.9171253542918679
790.	0.9173016866089969
810.	0.9161308431954568
830.	0.9167885427445053
850.	0.9160120977368571
900.	0.9154096083411604
950.	0.9146974119173669
1000.	0.9155832033168845
1050.	0.9144839808851402
1100.	0.9142461899115495
1150.	0.9136587636540239
1200.	0.913067065772456
1250.	0.9124221195152893
1300.	0.9117750263439046
1350.	0.9106654166568519
1400.	0.9094415552008298
1450.	0.9088266304476621
1500.	0.9028534982430582