0.	1.0083725647865416
10.	1.0061206459824368
20.	1.006207565254369
30.	1.0087984220630744
40.	1.008562203901466
50.	1.0068732281120827
60.	1.003659935539759
70.	1.0010362678733342
80.	0.9972032739550748
90.	0.9924651957349087
100.	0.9871166709981143
110.	0.9794196637773802
120.	0.9683919831841065
130.	0.9612680975160867
140.	0.9532872252875786
150.	0.948449150465181
160.	0.9418118121192318
170.	0.9389447444926252
180.	0.9346227450919194
190.	0.9335053555391561
200.	0.9288428352162291
210.	0.927526121771096
220.	0.924161193560936
230.	0.9217095239891749
240.	0.9212246857937781
250.	0.9210074422241827
260.	0.9188949935258948
270.	0.9164698753399307
280.	0.9167541147819771
290.	0.9148888902133681
300.	0.9146473056634263
310.	0.9124584386052217
320.	0.911395564261493
330.	0.9125712893150639
340.	0.9127310957304996
350.	0.9102491847086308
360.	0.9114100885643412
370.	0.9100161310335795
380.	0.9103017866089154
390.	0.9105097216691624
400.	0.9092963127830016
410.	0.9065672283847661
420.	0.9100165891510421
430.	0.9088927264910656
440.	0.9086241347838727
450.	0.9085518809265917
460.	0.9077551728593085
470.	0.9090347961983055
480.	0.9080336886743744
490.	0.9079019068601142
500.	0.9073419007602148
510.	0.9068247576374923
520.	0.9078025187952611
530.	0.9056683570140894
540.	0.9046215199462879
550.	0.9058167666221194
560.	0.9044534954589663
570.	0.9055650142587495
580.	0.9068626993297262
590.	0.9062125141083317
600.	0.9059319091001465
610.	0.9040977394807541
620.	0.9040410810582307
630.	0.9046935630247317
640.	0.9038973759851056
650.	0.9036345961798662
660.	0.9051440719981317
670.	0.9016094858178023
680.	0.9037170783470851
690.	0.9019203588186291
700.	0.9040428740895888
710.	0.9017128219790413
720.	0.9014705372414868
730.	0.8994880173592819
740.	0.9005923140402715
750.	0.9010254723091464
760.	0.900330632468231
770.	0.9008695232417703
780.	0.8990641201061249
790.	0.8986256585996224
800.	0.8983328882262872
810.	0.8976515756003524
820.	0.8981292934460791
830.	0.8955513323821744
840.	0.898284367766556
850.	0.8958805494003809
860.	0.8968132028875399
870.	0.8950059387998989
880.	0.8946568748074368
890.	0.8953386614626805
900.	0.893452961951515
910.	0.8940714950647678
920.	0.892939315515906
930.	0.8927293366220896
940.	0.891783072592436
950.	0.8924328817833419
960.	0.8926889446161317
970.	0.89030552973972
980.	0.8917247369418124
990.	0.8919533322696205