0.	1.008255938701684
10.	1.0074664094894221
20.	1.0075877998227607
30.	1.0090116214405647
40.	1.0098050379614845
50.	1.0072235938514509
60.	1.0037696052603315
70.	1.0018757299905694
80.	0.9976089533155867
90.	0.9930856610725859
100.	0.9876230590882211
110.	0.9798630098978979
120.	0.9684255389163445
130.	0.9613784370438262
140.	0.9533604834512754
150.	0.947220657228208
160.	0.9427590560372998
170.	0.9385324965422301
180.	0.9357721812249827
190.	0.9318011942118974
200.	0.9287656846525948
210.	0.9271652940803421
220.	0.9229927594248212
230.	0.923126773027611
240.	0.9209869575650899
250.	0.920799369011686
260.	0.9174368032923301
270.	0.9173170947513255
280.	0.9161815688488358
290.	0.9153453891145741
300.	0.9135936221013874
310.	0.9125876763489098
320.	0.911276688990314
330.	0.9127881785464134
340.	0.9113260816619001
350.	0.9122487680366592
360.	0.9097060724943755
370.	0.9100062073080936
380.	0.9102636694752206
390.	0.910132667662972
400.	0.9069542273675281
410.	0.9109885060403099
420.	0.9085711003377753
430.	0.908618352912791
440.	0.9079885091542058
450.	0.9079204084282587
460.	0.9099640921365424
470.	0.9078457606365563
480.	0.9067960473952005
490.	0.907677107993442
500.	0.9066076542317181
510.	0.9083307856694965
520.	0.9069465929415403
530.	0.904401006306773
540.	0.9061111745585076
550.	0.9049318234673467
560.	0.905738206158368
570.	0.9068099080712763
580.	0.9065586596902662
590.	0.9058690068210973
600.	0.9039318483360987
610.	0.9045628089802663
620.	0.9042934812291776
630.	0.9047409104649257
640.	0.9044256922458227
650.	0.9031265699312124
660.	0.9039009779323048
670.	0.9036820685905361
680.	0.9041021118794388
690.	0.903011124374683
700.	0.9016703754331864
710.	0.901895208684168
720.	0.9014911464540045
730.	0.9013916402058777
740.	0.9012168056959491
750.	0.9009402205464151
760.	0.9008306822524574
770.	0.8993483377650936
780.	0.8991742082065692
790.	0.8989436484443859
800.	0.899024300948455
810.	0.8976934300688074
820.	0.8984204189930016
830.	0.89782172765877
840.	0.8961922503286324
850.	0.896588063768363
860.	0.8951480373043761
870.	0.8955950188890431
880.	0.8952211155922013
890.	0.8952034214614636
900.	0.8946985450241114
910.	0.8933847451875069
920.	0.8930066506169736
930.	0.8947984338759446
940.	0.8919465733007701
950.	0.8933852571020194
960.	0.8938662260065515
970.	0.8919650726598509
980.	0.8918720915256566
990.	0.889812627760892