0.	1.0068830332992145
10.	1.006024560828674
20.	1.0061395857932673
30.	1.007612027609237
40.	1.0084577325911146
50.	1.0060054929094755
60.	1.0026579248183232
70.	1.0008863572523072
80.	0.9967634749188158
90.	0.9923852333657671
100.	0.9870561777185538
110.	0.9794295589536713
120.	0.9681438627100692
130.	0.9611840972146338
140.	0.9532076848334307
150.	0.9471240606000036
160.	0.9426782685114835
170.	0.9384653925911034
180.	0.9357411967815298
190.	0.931764563329857
200.	0.9287199674082185
210.	0.9271406516088675
220.	0.9229880102170255
230.	0.9231199631380066
240.	0.920983142390111
250.	0.9207868835131041
260.	0.9174363488993103
270.	0.917309298079073
280.	0.9161803920030419
290.	0.9153590280397581
300.	0.9135923581350132
310.	0.9126053904657944
320.	0.911300339082671
330.	0.9127859295004928
340.	0.9113438788963494
350.	0.9122571278041999
360.	0.9097271728466615
370.	0.9100182995523659
380.	0.9102669884406828
390.	0.9101385530748328
400.	0.9069600615852745
410.	0.9109879077791672
420.	0.9085802893157601
430.	0.9086192669163847
440.	0.9079931830679859
450.	0.9079405587793961
460.	0.9099523739495692
470.	0.907841238378749
480.	0.9068057737830971
490.	0.9076835640343791
500.	0.906610397131654
510.	0.9083236739127529
520.	0.9069403333747194
530.	0.904404967923981
540.	0.9061041469215754
550.	0.904938292811772
560.	0.9057377624262701
570.	0.9068018373858121
580.	0.906545069787965
590.	0.905863760168976
600.	0.903925341115306
610.	0.9045596473968803
620.	0.9042803478635447
630.	0.9047291410543654
640.	0.9044171963518006
650.	0.9031310443345133
660.	0.9038854562879214
670.	0.9036655100065727
680.	0.9040936826807627
690.	0.9029979440733977
700.	0.9016650133726557
710.	0.9018788532098523
720.	0.9014848796337978
730.	0.9013863593427099
740.	0.9012094524962461
750.	0.9009342557285331
760.	0.9008172407279152
770.	0.8993428343537104
780.	0.8991605336400289
790.	0.8989373754898743
800.	0.8990010757409185
810.	0.8976746286156124
820.	0.8983879843939969
830.	0.8977953953473677
840.	0.8961698109652639
850.	0.8965835002640328
860.	0.895159165842283
870.	0.895601793135339
880.	0.8951928595849117
890.	0.8951701784548872
900.	0.8946831670516934
910.	0.8933572604205511
920.	0.8929957742497429
930.	0.894779730575176
940.	0.8919282228785393
950.	0.8933679795890175
960.	0.8938545207921078
970.	0.8919456755667734
980.	0.8918270971390065
990.	0.8898211264811813