0.	1.008963375712692
10.	1.008210816921758
20.	1.0083322709050757
30.	1.0097311166109517
40.	1.010499227195818
50.	1.0078487563083869
60.	1.0043365105490039
70.	1.002384499387372
80.	0.9980416726183888
90.	0.993443868853822
100.	0.9879122799101727
110.	0.9800847337537298
120.	0.9685711586456455
130.	0.9614781544012104
140.	0.9534389819711434
150.	0.9472694178980016
160.	0.9427995252577502
170.	0.9385677380574873
180.	0.9357844578859053
190.	0.9318204573867901
200.	0.9287954067670591
210.	0.9271789423385036
220.	0.9229919767773596
230.	0.9231298074669047
240.	0.9209878267848798
250.	0.9208078295041675
260.	0.9174396528175663
270.	0.9173246867432461
280.	0.9161835126803475
290.	0.9153344587610677
300.	0.913595037667355
310.	0.9125757802183131
320.	0.9112620515259894
330.	0.9127932396613183
340.	0.9113121310878912
350.	0.9122427660615954
360.	0.909690286564459
370.	0.9099963582039674
380.	0.9102626798738933
390.	0.9101293668538499
400.	0.9069524261932409
410.	0.9109893027696798
420.	0.9085652116848664
430.	0.9086174372618299
440.	0.9079863947752819
450.	0.9079038169035832
460.	0.9099737964930186
470.	0.9078502439723308
480.	0.9067870566782763
490.	0.9076702130850982
500.	0.9066070821843242
510.	0.908335053998618
520.	0.9069514521146649
530.	0.904398196879017
540.	0.9061171579900525
550.	0.9049259187342293
560.	0.9057374693538919
570.	0.9068147456396772
580.	0.9065690508289972
590.	0.9058720781825161
600.	0.9039366984207355
610.	0.9045633522691777
620.	0.9043034152364934
630.	0.9047494691150798
640.	0.9044299777959075
650.	0.9031190959297988
660.	0.9039109754244475
670.	0.9036939070898982
680.	0.9041059040082772
690.	0.9030186475223904
700.	0.9016722822327424
710.	0.9019053284715342
720.	0.9014939193791576
730.	0.9013924378728144
740.	0.9012208731712521
750.	0.9009428668133606
760.	0.9008396361375879
770.	0.8993501933779998
780.	0.8991816080437068
790.	0.8989453423967086
800.	0.8990408771046535
810.	0.8977058322609847
820.	0.8984448612088082
830.	0.8978428808867547
840.	0.8962080664348744
850.	0.8965887483438696
860.	0.8951355274831581
870.	0.8955847568454177
880.	0.8952420080999064
890.	0.895228475941621
900.	0.894708711365541
910.	0.8934061251420623
920.	0.8930115734082821
930.	0.8948106960963168
940.	0.8919588555388825
950.	0.8933977955391119
960.	0.8938728989565757
970.	0.891978785762196
980.	0.8919079692515572
990.	0.8898009061996767