0.	1.0064436427565364
10.	1.0055649771112467
20.	1.005675369529926
30.	1.007163828118199
40.	1.0080268140456943
50.	1.0056134674279522
60.	1.002297028740663
70.	1.0005681309811607
80.	0.9964891682653224
90.	0.9921575479919945
100.	0.9868708734741957
110.	0.9792876900336172
120.	0.9680526769501916
130.	0.9611205299494372
140.	0.9531573331318115
150.	0.9470915336404906
160.	0.9426507684842182
170.	0.938443782367515
180.	0.9357281160069978
190.	0.9317523827118444
200.	0.9287099171236477
210.	0.9271331574142871
220.	0.9229840587151947
230.	0.923116698009046
240.	0.9209808949447454
250.	0.920784767510202
260.	0.9174385614827686
270.	0.9173092215164202
280.	0.9161811234282842
290.	0.9153606547723069
300.	0.9135928474517888
310.	0.9126086488056786
320.	0.9113064197404197
330.	0.9127882598222927
340.	0.9113459796374169
350.	0.9122589503444599
360.	0.9097303896879821
370.	0.910019825292518
380.	0.9102683431529741
390.	0.9101406491170168
400.	0.9069626710353373
410.	0.9109886386785985
420.	0.9085824786825349
430.	0.9086194318031786
440.	0.9079956407299538
450.	0.9079426683371896
460.	0.9099512980509779
470.	0.9078411525264097
480.	0.9068061077061158
490.	0.9076829089561492
500.	0.9066118445884953
510.	0.9083216824421416
520.	0.9069393465692962
530.	0.9044051690822754
540.	0.9061041196738167
550.	0.9049388547523538
560.	0.9057366759228728
570.	0.9068000091061876
580.	0.906543535370944
590.	0.9058623006981837
600.	0.9039241695633444
610.	0.9045574577356243
620.	0.904278211418115
630.	0.9047268895854694
640.	0.904413828909915
650.	0.903127894066162
660.	0.9038818680619579
670.	0.9036621243706402
680.	0.9040906362057168
690.	0.9029933499581598
700.	0.901661751215315
710.	0.9018748242526952
720.	0.9014819930710604
730.	0.9013819429956854
740.	0.9012073725825864
750.	0.9009311074721499
760.	0.9008138759772589
770.	0.8993398936854838
780.	0.8991559365943667
790.	0.8989337699544845
800.	0.8989973829899784
810.	0.8976704126136085
820.	0.898383054994194
830.	0.897792497367952
840.	0.8961654325812174
850.	0.8965798083601461
860.	0.8951563186526559
870.	0.8955979167626736
880.	0.895188219566833
890.	0.8951657859106816
900.	0.8946796805482755
910.	0.8933532714647131
920.	0.8929916256275612
930.	0.8947752507363981
940.	0.8919242564018908
950.	0.8933643766914167
960.	0.8938509080958461
970.	0.8919415791958412
980.	0.8918222924906165
990.	0.8898181423321462