0.	1.0076805073371153
10.	1.007545864730499
20.	1.008653700701158
30.	1.010284420931737
40.	1.0109067287750533
50.	1.0081697423534484
60.	1.0054699583338325
70.	1.0029051293056914
80.	0.9975397757168841
90.	0.9938928266663517
100.	0.9878125450789829
110.	0.9805420042242365
120.	0.9691255527474084
130.	0.9606130586553827
140.	0.9535720631773521
150.	0.9469684031150029
160.	0.9433064558126143
170.	0.9382434424526
180.	0.9354847927026261
190.	0.930878159320308
200.	0.9303476981881724
210.	0.9257279932575969
220.	0.9237357722512096
230.	0.9226997966354177
240.	0.920530025758483
250.	0.9190348696513558
260.	0.9183308737629744
270.	0.916290346653679
280.	0.9159806735027778
290.	0.9155383516453831
300.	0.9129599608933819
310.	0.9134575000466035
320.	0.9125074315106254
330.	0.9115336393601174
340.	0.9119767395036078
350.	0.9108008109346274
360.	0.9107968128120422
370.	0.9098649877515969
380.	0.909146477152467
390.	0.9102929790904967
400.	0.9107884657132204
410.	0.9085698235918617
420.	0.9092963860909726
430.	0.9079568594087168
440.	0.9095100540599341
450.	0.9072854977112043
460.	0.9077819357479073
470.	0.9083814451450247
480.	0.907102472843051
490.	0.9082955905922803
500.	0.9074334128274137
510.	0.906671358401292
520.	0.9065003412625132
530.	0.9048076889638489
540.	0.9075164606654555
550.	0.9076438552857509
560.	0.9065440924208975
570.	0.9051534747445884
580.	0.9054231394969394
590.	0.9042001044520871
600.	0.9056448802511683
610.	0.9046384277309444
620.	0.9054012898106498
630.	0.9050082614393917
640.	0.9039923794068466
650.	0.9044270616480717
660.	0.904224973798252
670.	0.9038276475663704
680.	0.9031274264914742
690.	0.9022433860688007
700.	0.9019255279296048
710.	0.9015751333538353
720.	0.901864404220567
730.	0.902269372889756
740.	0.9013731718505613
750.	0.8997864071101989
760.	0.9007980269569252
770.	0.8990649035410521
780.	0.9000478412109416
790.	0.8975696600447057
800.	0.900322846223045
810.	0.8980718038308713
820.	0.8981390089697376
830.	0.8979231456060228
840.	0.8939145155955909
850.	0.8955830389997957
860.	0.8956760732791643
870.	0.8954092632571597
880.	0.8951839998976734
890.	0.8973704215281293
900.	0.8953260860323387
910.	0.8953535053856894
920.	0.895284611868035
930.	0.892770681611036
940.	0.8948086148267997
950.	0.8930397798383912
960.	0.8929265294054903
970.	0.8921756848800084
980.	0.8914584125149013
990.	0.8903129660251737