0.	1.0088264623981442
10.	1.0065815210474673
20.	1.0066690707172135
30.	1.0092482943193022
40.	1.009010635574054
50.	1.0072695101029359
60.	1.0040252696164067
70.	1.0013488955225969
80.	0.9974750211396276
90.	0.9926968736069475
100.	0.9873040473618359
110.	0.9795611329389629
120.	0.968481154959505
130.	0.9613330706384923
140.	0.9533360430781352
150.	0.9484823317423119
160.	0.941837273861257
170.	0.9389681297175996
180.	0.9346361383085116
190.	0.9335188806511262
200.	0.9288529343421603
210.	0.9275337446630991
220.	0.9241661844668667
230.	0.9217124624083594
240.	0.9212260333841066
250.	0.9210112067429181
260.	0.9188948146609228
270.	0.9164668160333369
280.	0.9167537721264439
290.	0.9148875186617895
300.	0.914648113500743
310.	0.9124554898404307
320.	0.9113927152621207
330.	0.9125681586428118
340.	0.912728794389422
350.	0.9102475594668015
360.	0.9114079077609477
370.	0.9100139512429037
380.	0.910300609555776
390.	0.9105086639458808
400.	0.9092948905074225
410.	0.9065648154557037
420.	0.9100156475196395
430.	0.9088919029829591
440.	0.9086246097465791
450.	0.908549273347051
460.	0.9077537277913803
470.	0.9090353949970914
480.	0.9080342008123969
490.	0.9079029083496437
500.	0.9073420174792902
510.	0.9068240253312858
520.	0.9078046319746702
530.	0.9056688564328895
540.	0.9046216355449098
550.	0.9058173526436928
560.	0.9044530253062796
570.	0.9055657115061413
580.	0.9068657299579473
590.	0.9062150705356076
600.	0.90593422955546
610.	0.9040990110583509
620.	0.9040444824820113
630.	0.9046957852767068
640.	0.9039004845068277
650.	0.9036370872483749
660.	0.905148835124021
670.	0.9016106352929413
680.	0.903721993081798
690.	0.9019223952607139
700.	0.904046608218427
710.	0.9017176778190079
720.	0.9014735961561253
730.	0.8994914341344841
740.	0.9005954043416172
750.	0.9010293290011154
760.	0.900332756264542
770.	0.900872805737422
780.	0.8990670428888673
790.	0.8986285130572963
800.	0.898336542339544
810.	0.8976546471980678
820.	0.8981323377351252
830.	0.8955547428605204
840.	0.8982902763756241
850.	0.8958833028733968
860.	0.8968177758556954
870.	0.8950092313790631
880.	0.8946604952204925
890.	0.8953426523084899
900.	0.8934567191435291
910.	0.8940766325561027
920.	0.8929436136143439
930.	0.8927327743877709
940.	0.8917870727868523
950.	0.8924363221163456
960.	0.8926938119123978
970.	0.8903080068134499
980.	0.8917292938186879
990.	0.8919575606759909