0.	1.0074480772613061
10.	1.0066233058954908
20.	1.0067361822136158
30.	1.0081903947186712
40.	1.0090167834058177
50.	1.0065081862353735
60.	1.003112306703706
70.	1.0012973845620554
80.	0.9971112154865306
90.	0.9926730419083669
100.	0.9872875545482418
110.	0.9796063278006613
120.	0.9682609294159377
130.	0.9612637101901317
140.	0.9532696321790365
150.	0.9471618256954559
160.	0.9427093314189203
170.	0.9384934606063715
180.	0.9357485568119911
190.	0.9317791130097062
200.	0.9287473886246552
210.	0.9271516758939775
220.	0.9229855064756114
230.	0.9231207576516108
240.	0.9209827621611645
250.	0.920795395243523
260.	0.9174407316122036
270.	0.9173168438831766
280.	0.9161827949374808
290.	0.9153483100807366
300.	0.9135944113381266
310.	0.9125935280847419
320.	0.9112876918496817
330.	0.9127923558476126
340.	0.9113298889877312
350.	0.912252069940976
360.	0.9097119278734799
370.	0.9100089655083631
380.	0.9102661283054134
390.	0.9101364831089009
400.	0.9069589864927213
410.	0.9109898155743628
420.	0.9085751222192104
430.	0.9086186319451346
440.	0.9079930192554604
450.	0.907924313340945
460.	0.9099621049004489
470.	0.9078455363998919
480.	0.9067966323651542
490.	0.9076759362547537
500.	0.9066103175221638
510.	0.9083271842910787
520.	0.9069447931642225
530.	0.9044013697445972
540.	0.9061111241792099
550.	0.9049328631857121
560.	0.9057362522641795
570.	0.9068065577921326
580.	0.906555873922015
590.	0.9058663610121648
600.	0.9039297062277158
610.	0.9045588155531972
620.	0.9042895390692446
630.	0.9047368006767725
640.	0.9044195129967461
650.	0.9031207842151204
660.	0.9038943839548755
670.	0.9036758359033074
680.	0.9040965272572958
690.	0.9030026859846267
700.	0.90166438819096
710.	0.901887821550403
720.	0.9014858909074295
730.	0.9013835953275013
740.	0.9012130429928211
750.	0.9009345309086322
760.	0.900824589128092
770.	0.8993430264685509
780.	0.899165819347539
790.	0.8989371128039809
800.	0.8990176128439853
810.	0.8976857793108618
820.	0.8984114843764908
830.	0.897816481684661
840.	0.8961842953330276
850.	0.8965813886319329
860.	0.8951428595773117
870.	0.8955879561936009
880.	0.8952126561788255
890.	0.895195424035472
900.	0.894692176269679
910.	0.8933774465824582
920.	0.892999117060394
930.	0.8947902333473382
940.	0.8919393213349363
950.	0.8933786777140778
960.	0.8938596245741423
970.	0.8919575312689739
980.	0.8918632265996781
990.	0.8898071906584252