0.	1.0078105036569727
10.	1.0070016653492668
20.	1.0071183864839766
30.	1.0085590193384166
40.	1.0093707408849915
50.	1.006829580021889
60.	1.0034076843088893
70.	1.0015573738123416
80.	0.9973350785542586
90.	0.992858776456729
100.	0.9874387197611234
110.	0.9797220960073406
120.	0.9683352867140932
130.	0.9613155841062987
140.	0.9533107272357324
150.	0.9471884364975038
160.	0.9427318196810354
170.	0.9385110915224061
180.	0.9357592129228044
190.	0.9317890637007915
200.	0.9287556330889872
210.	0.9271578241437706
220.	0.9229887740989489
230.	0.9231234698352148
240.	0.920984656207421
250.	0.9207971968916007
260.	0.91743893264615
270.	0.9173169530850718
280.	0.9161822310497878
290.	0.9153469725676975
300.	0.9135940409208752
310.	0.9125908564032948
320.	0.911282683736626
330.	0.9127904440460526
340.	0.9113281499323264
350.	0.9122505569846863
360.	0.9097092455325386
370.	0.9100077001115696
380.	0.910265005831564
390.	0.9101347309256753
400.	0.9069567978115485
410.	0.9109892124881386
420.	0.9085732682665035
430.	0.9086185078434865
440.	0.9079909479464464
450.	0.9079225176697696
460.	0.9099630222382188
470.	0.9078456407359633
480.	0.9067963690648957
490.	0.9076764685737634
500.	0.906609117418876
510.	0.9083288289357928
520.	0.9069456129518956
530.	0.9044012060831728
540.	0.9061111663587568
550.	0.9049323957408636
560.	0.905737146837177
570.	0.9068080999361001
580.	0.9065571621011144
590.	0.905867585189748
600.	0.9039306932092973
610.	0.9045606556047823
620.	0.9042913628494065
630.	0.9047387013181658
640.	0.904422370318685
650.	0.9031234605203997
660.	0.903897439629555
670.	0.9036787220688183
680.	0.9040991123052329
690.	0.9030065868483718
700.	0.901667155099467
710.	0.901891230180125
720.	0.9014883062606696
730.	0.9013872943970102
740.	0.901214769910311
750.	0.9009371349598424
760.	0.9008273751893341
770.	0.8993454573521991
780.	0.8991696516486619
790.	0.8989400974619619
800.	0.8990206658302886
810.	0.8976892767654033
820.	0.898415564734361
830.	0.897818890480962
840.	0.8961879304314887
850.	0.8965844424020883
860.	0.8951452465084717
870.	0.8955911953976048
880.	0.8952165335892722
890.	0.8951991064742763
900.	0.8946951179900241
910.	0.8933808107713026
920.	0.8930025901016998
930.	0.8947940346592903
940.	0.8919426770168016
950.	0.893381722251974
960.	0.8938626963104898
970.	0.8919610442530933
980.	0.8918673509049098
990.	0.8898097199675553