0.	1.0069834036678151
10.	1.004694377513921
20.	1.0047884182326088
30.	1.0074096086210778
40.	1.0071720360453749
50.	1.0056438560757002
60.	1.0025375615033714
70.	1.000066351460536
80.	0.9963615188122639
90.	0.9917507573965357
100.	0.98653811528744
110.	0.9789841056659024
120.	0.9681130783456652
130.	0.9610629883090087
140.	0.9531395810624602
150.	0.9483483199836947
160.	0.9417379458221081
170.	0.9388692033994327
180.	0.9345855195535833
190.	0.9334609669568081
200.	0.9288089129903012
210.	0.9274935676972714
220.	0.9241420140691307
230.	0.9217063917434494
240.	0.92122533447344
250.	0.9209912506626158
260.	0.9188884810472002
270.	0.9164738290143586
280.	0.9167508673277597
290.	0.9148943309525617
300.	0.9146473245694888
310.	0.9124693480683899
320.	0.9114133873176391
330.	0.9125825287459348
340.	0.9127313367572908
350.	0.9102714156747441
360.	0.911418735545634
370.	0.9100299371742503
380.	0.9103020333217084
390.	0.9105128921578803
400.	0.9092988926685172
410.	0.9065755218963517
420.	0.9100147098838465
430.	0.9089009994547563
440.	0.9086189693691946
450.	0.9085587430429665
460.	0.9077729912383696
470.	0.9090247103883647
480.	0.9080294454532286
490.	0.9079020518786528
500.	0.9073529403832828
510.	0.9068198505236128
520.	0.9078003131895266
530.	0.9056629975767109
540.	0.9046297325157888
550.	0.9058036404558936
560.	0.9044526894668197
570.	0.9055644487771422
580.	0.9068444149525214
590.	0.9061942988559195
600.	0.9059178073575166
610.	0.9040896957928507
620.	0.9040307546604567
630.	0.90468634805649
640.	0.9038850368360916
650.	0.9036247829898324
660.	0.9051380179626143
670.	0.9016250868206186
680.	0.9036901969037079
690.	0.901911656687014
700.	0.9040257755518338
710.	0.9017028166368148
720.	0.9014583792268088
730.	0.8994844166281268
740.	0.9005821283560198
750.	0.901021733783745
760.	0.9003194829027975
770.	0.9008646160105873
780.	0.8990457236449164
790.	0.8986164481931752
800.	0.8983321336121759
810.	0.8976401500837627
820.	0.8981171527712487
830.	0.8955411777938435
840.	0.8982575259678264
850.	0.8958640981824285
860.	0.8967855408870694
870.	0.894998145340039
880.	0.8946683952917053
890.	0.8953458549078045
900.	0.8934326285165259
910.	0.8940304768486009
920.	0.8929134190201493
930.	0.8927063983900421
940.	0.8917520606423208
950.	0.8924111089418589
960.	0.8926509773128064
970.	0.8903031752203105
980.	0.8917043151709388
990.	0.8919560994772382