0.	1.0060403843739303
10.	1.0059901299384406
20.	1.0070744590245568
30.	1.0087287077438556
40.	1.0094298528955603
50.	1.006839154683472
60.	1.0042634002835007
70.	1.0018191892588408
80.	0.9966172924676947
90.	0.9931356053743288
100.	0.987179036159385
110.	0.9800647161998524
120.	0.9688240344577369
130.	0.9603914714693288
140.	0.9534224662475579
150.	0.9468607866722408
160.	0.9432203007096582
170.	0.9381864527149486
180.	0.9354337803402921
190.	0.9308368051664637
200.	0.9303095458121422
210.	0.9257024869290561
220.	0.9237316398823558
230.	0.9226838387054496
240.	0.9205271904635577
250.	0.9190313686112033
260.	0.9183282400029509
270.	0.9162930796101122
280.	0.9159946615557067
290.	0.9155398605488563
300.	0.9129728617267789
310.	0.913477833979299
320.	0.9125099176148729
330.	0.911545095483109
340.	0.9119948126789799
350.	0.9108186083142846
360.	0.9107992829001901
370.	0.9098706523863818
380.	0.909155180225004
390.	0.9102952548032643
400.	0.9107886152334647
410.	0.9085680451925415
420.	0.9092973496588559
430.	0.9079683617393259
440.	0.9095139601168264
450.	0.9072918254880423
460.	0.9077830872436965
470.	0.9083874297231356
480.	0.9070974397779645
490.	0.9082935248554908
500.	0.9074374807827306
510.	0.9066548340761479
520.	0.9064977160149514
530.	0.9048170187137203
540.	0.9075004631545653
550.	0.9076297577363202
560.	0.9065459785130219
570.	0.9051496366385825
580.	0.9054097873206077
590.	0.9042026875513374
600.	0.9056312410574432
610.	0.9046392705299917
620.	0.9053894615174677
630.	0.9050030052231524
640.	0.9039816000034421
650.	0.9044184062966089
660.	0.9041947510867769
670.	0.9038252406681215
680.	0.9031117796719494
690.	0.9022381133480617
700.	0.9019191912519275
710.	0.9015622111374356
720.	0.9018533606387147
730.	0.9022443563343079
740.	0.9013580087061304
750.	0.8997727561363082
760.	0.9007887476037648
770.	0.899046125699781
780.	0.9000246889921303
790.	0.8975519996634308
800.	0.90030300221585
810.	0.8980534837968452
820.	0.8981303430231569
830.	0.8979110553264484
840.	0.893918839993123
850.	0.8955552284515916
860.	0.895653000632234
870.	0.8953862770582127
880.	0.895161596676316
890.	0.8973413461921332
900.	0.8953070078252173
910.	0.8953469650396949
920.	0.8952573282505853
930.	0.8927489704281176
940.	0.8947706980262435
950.	0.8930416917142684
960.	0.8929046417324654
970.	0.8921645180237807
980.	0.8914309961119399
990.	0.8902882104871437